[(90,1,100),(-90,1,50), (-90,1,100),(-90,1,50),(180,0,100)]
[(90,0,50),(-135,1,70.71), (135,1,100),(-90,0,50),(-90,0,100),(90,0,0)]
[(0,1,50),(90,1,50),(45,1,70.71),(-135,1,50),(-90,0,100),(90,0,50)]
[(0,1,50),(135,1,70.71),(-135,1,50),(135,1,70.71),(-135,0,100),(-90,0,100),(90,0,0)]
[(90,1,50),(-90,1,50), (90,1,50),(-180,1,100),(90,0,50)]
[(90,1,50),(-90,1,50), (90,1,50),(90,1,50),(90,0,100),(90,1,50),(0,0,50)]
[(90,0,50),(0,1,50), (-90,1,50),(-90,1,50),(-90,1,50),(135,1,70.71),(45,0,50)]
[(0,1,50),(135,1,70.71), (-45,1,50),(-90,0,100),(-90,0,100),(90,0,0)]
[(0,1,50),(90,1,100), (90,1,50),(90,1,50),(90,1,50),(180,0,50),(90,1,50),(90,0,100)]
[(0,1,50),(90,1,50), (45,1,70.71),(180,0,70.71),(-135,1,50),(90,1,50),(90,0,100)]
